1.0257327764365993, 4.91233985745208e-12
1.3053904290588592, 8.0187241765046e-12
1.5879459190574756, 1.1244998081065323e-11
2.5773034714548766, 2.8162100981765728e-11
3.1467802330441743, 4.1405143006612485e-11
3.8563179997582413, 6.153202113677374e-11
4.66796252675752, 8.696759533139382e-11
5.7914284024955, 1.351827695935252e-10
7.097282917418464, 1.9949716714675687e-10
8.697582238636521, 2.9907010122392157e-10
10.658717945734843, 4.4289842929254435e-10
13.062051628791464, 6.479330904161722e-10
19.257344126406416, 1.3970744217086254e-9
23.59950084927242, 2.0907299059631126e-9
28.92072949826542, 3.074663380746938e-9
35.44179175881278, 4.585220402976882e-9
43.43322678462825, 6.814078113621821e-9
52.6395063130969, 9.85722480148427e-9
65.22813295695374, 1.4349897800347173e-8
93.30864025214896, 3.032869883253903e-8
133.71600455756186, 6.206677829057649e-8
164.37198263955096, 9.134893262632648e-8
201.43466920651386, 1.3387126645177742e-7
246.8542710670833, 1.9618747002455873e-7
302.5151101550822, 2.845167989125878e-7
370.2983329382249, 3.9765002175059733e-7
454.3179792864677, 6.099831364977177e-7
556.7578513232651, 8.877081866837792e-7
682.2959229941523, 0.0000012873803388776578
836.1403892697828, 0.0000018572479837102844
1024.6737918353576, 0.0000026607337622223267
1382.9781136756903, 0.000004412519617722384
2330.125266368451, 0.000010505360199819858
2896.247626176224, 0.000013474192337939839
3535.509770632893, 0.000019009749567746438
4332.698490870869, 0.000023438548029519234
9772.016063490653, 0.00003908637455130523
11975.415710270456, 0.00003794467851321999
14675.639141608675, 0.00003329044793513749
17984.710462285286, 0.00002593898194651886
21837.14953709858, 0.000018007028419069766
25789.721978892674, 0.000011569273857124368
30740.526468621116, 0.000005972672475677299
33660.51687051637, 0.000004028484196635029
36679.375584921, 0.000002593429762533264
40189.74275059231, 0.0000016308247802093438
43675.771223566975, 9.945959608302921e-7
47027.51278106232, 6.055574334750846e-7
50403.01010038719, 3.64338495681885e-7
52543.51853757431, 2.346074061954043e-7
55539.5967739278, 1.5105662587456008e-7
58706.51406042848, 9.19650259793979e-8
64391.060481227476, 5.9252106257297396e-8
65592.38682622097, 3.932330786546718e-8
69332.52315721285, 2.193587805255567e-8
70626.04101529992, 1.3618259083234147e-8
78909.99280781158, 6.440940362846582e-9
82642.15740654121, 3.4144927155417285e-9
84965.65925138172, 2.006184738508858e-9
6167.703060931616, 0.00003297630282645593
89251.86172992422, 7.919579465946149e-10
105850.12080886003, 7.432959390182486e-11
115273.2121192385, 7.86779649418165e-12
129154.9665014888, 8.828134595268317e-13