1.1139662851894627, 0.000005170788911125784
1.3637806832200978, 0.000007099630263656324
2.5216830641541255, 0.00002348235556557017
5.139353146540703, 0.00010436403661415702
8.121198198660576, 0.0002556559554514111
9.927202863509724, 0.0003910612916968391
13.972629560433793, 0.0007560388353133957
21.1357335351347, 0.0017760063447491282
25.470801191746457, 0.0025022059547478892
31.678331614087764, 0.0038762766761556776
38.326519633740496, 0.005717322284251716
57.067829677256256, 0.011949412883815276
70.46797117074806, 0.017028275361223255
95.40420228494612, 0.03330549057023875
114.8023716246191, 0.04588004989139694
134.55611338622865, 0.06144581317833746
175.69093931201482, 0.1140439997945338
204.5440594193257, 0.1589327465079155
359.89181359725626, 0.4462711797337396
444.52653254018793, 0.654392848090292
987.6307302476507, 3.095510172298982
7469.9805895447325, 47.18232979476724
9145.17375211001, 51.78522650266866
13706.827175229435, 46.60580707618194
16995.731486627166, 38.68164125085824
20192.625008540686, 32.51734253742404
22914.642451026095, 25.170739705600564
26811.655362199857, 15.551414001979866
37179.88741192902, 3.8276423248058293
51681.04635166714, 0.44332392163849893
54767.82672317669, 0.2771703214887187
57813.57985784085, 0.1784242733572737
59804.765927562934, 0.11524375082372741
62860.39683563536, 0.07113128529640807
65456.32461685011, 0.04269864726318411
69625.74300947551, 0.025140688741072035
72122.7557869517, 0.014778863081517693
76299.49833846404, 0.008342285120109691
78674.80874498899, 0.004727234138551352
81392.33840697558, 0.0028183986215497762
85282.86711020485, 0.001607071681790656
87415.3069807894, 0.0009477154172713851
91147.12190028543, 0.0005572741876840467
94089.49097367995, 0.00031730425827587803
97805.9307628573, 0.00017940387403247472
99560.55710237351, 0.00010371080058469769
103038.3778733383, 0.000058882346916130605
107162.03445784346, 0.000037250534283447126
109553.69744843841, 0.00002123692215344906
114790.33043884182, 0.00001214936391194292
116740.98628780253, 0.0000071685436600427155
120799.58910868422, 0.000003725683473367227
122837.9865693986, 0.0000021088155697326577
128579.92845141425, 0.0000011727369349345536
129515.44209217897, 7.083703592765938e-7
134501.92912247078, 4.1511541582566794e-7
136110.06891917868, 2.4859959315625735e-7
137758.6981745936, 1.651111393123732e-7
143534.65902824092, 9.40498586618669e-8
147042.05629808444, 4.905760803148921e-8
150363.27528022474, 2.629154700085433e-8
152552.16779142662, 1.6757137550689725e-8
155027.32038496312, 9.026036908038478e-9
158511.5453769206, 4.995062687301655e-9
158852.07091627928, 3.0431758384001453e-9
162883.4977904531, 1.1504563369243173e-9
1.884448508890488, 0.000014283633876968588
1.545927736419477, 0.000009423094541268214
3.048101916678567, 0.00003482855720207795
4.402857643332439, 0.00007105798749349149
3.7155624913845076, 0.00005279352312118322
6.923008108823422, 0.0001838722239925347
17.607603329053777, 0.0011601553017399691
273.74515246843214, 0.27460578204733
1297.245321291704, 5.358364563267596
1873.817422860383, 9.707262508693269
3299.3433892795415, 22.304222908174538
4632.84388512983, 33.80899475596098
