8.024669044529276, 0.00022297208918472085
7.752025752831398, 0.00005504223672145024
7.299515306583469, 7.938043955349183e-7
8.716395656405725, 0.000001526349608573655
8.6308985446908, 2.7952117684436784e-9
10.103208686546601, 0.00010774125945025609
10.56263619441358, 0.000003048540538863499
9.866073428327367, 5.474648521978591e-9
11.278416049224344, 1.0821320567857145e-8
13.333508276429374, 0.00021297823581976406
12.989805020340725, 0.0000063337294184521096
13.085838753626227, 2.2985938060856708e-8
15.974438153856502, 0.000013101789323966531
15.181830759356266, 4.7937922950812586e-8
17.36202121549457, 0.00041034429086154594
17.612708432265105, 9.87611644011783e-8
19.643180159687162, 0.000026516706900680405
22.689412683218606, 0.0007628282198187896
20.433296467633188, 2.0471430270673817e-7
24.153679899084956, 0.00005320049988550449
23.702779335379272, 4.1156192547038017e-7
30.4496343227933, 0.0015452053100038208
27.494752831775603, 8.223698849669102e-7
29.70039077835435, 0.00010720332701294244
31.892610995516755, 0.000001633218195758138
36.5159174567789, 0.00020860725469286752
36.992165047814886, 0.0000032041381215585933
44.892404549484056, 0.0003989007459017333
42.90407592246464, 0.000006171820119057596
49.760800114870364, 0.000011888177767903193
55.1922653764516, 0.0007694725663277519
58.574398023658574, 0.000024346079013676343
68.85497303298982, 0.001504906464951816
69.96752806688703, 0.00005104838336457888
87.17112046671221, 0.0030350272866127366
83.57505129159645, 0.00010649334343645322
99.82704078937955, 0.00022102959839062058
110.35465287588553, 0.006051145201502564
101.28342457961345, 2.7306953337677297e-9
119.22997163139364, 0.00044949867893287514
112.46761435400792, 5.53523755827807e-9
139.69566938153693, 0.01188160357235881
124.92874395289985, 1.2235218410747715e-8
142.3844804622066, 0.0008821022445534216
138.75135566512117, 2.6097548335683407e-8
154.10792040886267, 5.609271227039464e-8
176.82476055610334, 0.022888412876608755
170.04231946659732, 0.001748776981749279
171.1505828846414, 1.1813081014365822e-7
203.05257807699473, 0.003379772323908071
190.07422551853176, 2.4751836513272025e-7
223.80234061150867, 0.04309233865023146
214.25440905342947, 5.613156072897955e-7
246.07412276778044, 0.006839347616138037
241.51066076214877, 0.0000012729367003461183
275.0412622864127, 0.07504476205552617
272.2181747729836, 0.0000028429485983331506
302.6190447603801, 0.014209611664046638
306.79372735526766, 0.00000615823455543682
353.23245734145735, 0.14235562571922264
372.1069337596242, 0.02850876040292842
345.78134617205933, 0.000013545060074570625
389.65429304991517, 0.000028457266006869122
457.5352596030823, 0.056699810473938045
439.0678557891668, 0.00005888001623048686
494.76239700682055, 0.0001227612816215911
562.5286178190061, 0.11033232021937277
557.4390765363734, 0.00024635488621078944
628.0742631490222, 0.0004981724339108802
701.8153236504053, 0.21851001288892466
707.5970203072116, 0.000984559503819531
797.1176092121431, 0.0019017262858395635
767.909941471113, 2.908451998358185e-9
897.9371664567964, 0.003645317032948316
828.286238929544, 6.030560297355138e-9
880.1892244941398, 1.146513672121017e-8
1026.5450543584202, 0.007327579934036928
935.4000216897389, 2.2132899006701306e-8
1009.0845589947223, 4.755777672433644e-8
1191.1669391025473, 0.01595006726138115
1105.251043997726, 1.203002214451386e-7
1443.1510704337447, 3.781284622887016
1210.6300734644535, 3.074229626390503e-7
1381.8936810132393, 0.032860147416637585
1325.7421845081105, 7.390200456927717e-7
1577.958562077544, 2.093104232815227
1451.9143422160419, 0.0000018131182151873389
1603.1211364737462, 0.06728550245797708
1589.7176944343746, 0.0000041845239864439764
1993.9782228436784, 6.309547393143159
1859.5886492074815, 0.1344477404052036
1740.737652845859, 0.000009856347108811714
2086.8505550959167, 4.153732893558512
1905.9536555535024, 0.000022747618191723276
2156.7281075695855, 0.2573952583830355
2086.6033283183515, 0.00005091912007121556
2284.285085267255, 0.00011282383461068166
2538.3052187032627, 0.5050441042629157
2500.3986691967934, 0.0002424632050384652
2737.066600646999, 0.0005263999273358545
3031.9035966761594, 1.0482316728218275
2995.544085894767, 0.0010860775374770422
3278.5606122831246, 0.0022637623684015912
3620.3430506851087, 2.005327462549701
3587.607827709663, 0.004484106023873645
3925.7867849759186, 0.008882207388020745
4386.58255289083, 3.8676917106517767
4360.452749463466, 0.019286464946717596
4915.4564168113175, 0.04441092437413999
5472.840626155814, 7.6975748420964525
5540.773384390919, 0.1007139206499072
7142.508670945136, 40.12195758791989
6244.344899695481, 0.2165000377166607
7029.386593082222, 14.969680431373506
5911.274176715202, 3.637524660538448e-9
6194.607263010537, 8.097541398961649e-9
7036.005941585532, 0.4445432074525849
6621.49907644132, 1.9963315450997653e-8
7072.696176731253, 5.247899447329712e-8
7926.860136200934, 0.8785697681420845
7497.453882268681, 1.442697843448689e-7
8635.362531055722, 23.564143745380413
8056.811011546851, 3.9991056974458853e-7
9062.675226052203, 1.790503837713647
8571.486805631383, 0.0000010216667778232402
9024.460428577167, 0.0000021725241471525794
10513.519533014005, 3.6662936670972064
9552.163172053028, 0.000005220840888880685
10313.167977822322, 0.000013894680500867707
10805.994362073085, 0.000029847524544885183
12374.249453540033, 7.289680663047653
11491.29724093548, 0.00006816787828686752
12218.613489397107, 0.00015099975926135666
12991.96361150987, 0.00033448198579741107
14995.56482134231, 14.63386200640816
13813.44291548209, 0.000729678786632485
14685.99420058511, 0.0015676648391207324
18462.39168687022, 40.793449039702416
15609.962531242854, 0.003168288735572339
19067.87908242879, 26.093817273790087
16594.028142225492, 0.006601935387732084
17639.08517109947, 0.013548159334921553
19027.82248433371, 0.028816321658757405
18244.849289725036, 3.753451515694477e-9
20531.165668595582, 0.06548762635649981
19327.924904316966, 1.1200509277710022e-8
22148.910486275683, 0.1414343788653307
20589.627487296126, 4.0152740890200955e-8
21920.703206864826, 1.2354287913419664e-7
24251.09656175304, 0.32641862285225065
23346.12652983683, 4.166248618999696e-7
26548.610090655813, 0.7232607450211501
24859.085291797408, 0.0000013318074216788501
26709.509545804067, 0.000004553860085258041
29053.458465228792, 1.4621432313318554
28324.982850763416, 0.000013890071949326975
29987.198805798173, 0.00003512410841216754
35789.87107202805, 30.746119064624114
32213.99842073116, 0.0001150690660253291
34498.90317564299, 0.00035897115225843804
36705.258474705384, 0.0009335759956398216
39049.24986711805, 0.002372922576113606
40923.746346030646, 0.005377427178014584
43731.85219512071, 0.012344658347684685
42238.982289326515, 3.009047409290484e-9
46287.23173997592, 0.02936499469931139
43601.65364159722, 5.896605821398051e-9
45013.61883116181, 1.1913795583024334e-8
46471.30810525148, 2.4071224954364806e-8
47979.0442555459, 4.938371178160796e-8
61860.09607698559, 0.13302491529946237
49521.02829083689, 9.386027341207746e-8
51118.625650656875, 1.8393097858507007e-7
58767.85473009123, 0.26259963077037657
52770.88902743309, 3.6598681378666077e-7
66422.40588430081, 24.1270889586404
54776.42199202516, 8.572282493090724e-7
57714.45729750999, 0.0000022122117458854644
60231.68272347626, 0.000005945874319303116
63787.08218376622, 0.00001635395264926192
67953.03520059057, 0.000059077064493050735
73542.96756718775, 0.5381051801429186
91328.38696028289, 13.832189151888306
78876.95163358096, 0.2585689389993526
89956.49708223797, 5.6389821891983685
97410.50607695682, 0.03701082237514422
101900.24967934068, 2.247629111612206
110315.40714915755, 0.00015154997697143478
95583.2578660468, 3.5339597918061197e-9
98713.63796886861, 7.825905399267993e-9
125172.28365729698, 1.1870369872902242
101940.50002713269, 1.7067507139671643e-8
117937.41648321378, 0.20535711463808298
117185.29714769116, 0.48324576225624183
131136.58038396292, 0.0000021246442634912593
133194.31560838432, 7.849200540044845e-7
136681.932493624, 0.026530451539988106
155142.61368633332, 3.23042428447643
143066.45829942712, 0.01248823113243245
161832.79238296056, 0.0004653763081556302
174178.0288015174, 1.0154234334964751
184042.95971201902, 0.44511238203507586
220845.94711338205, 10.604996660503188
214049.2626831736, 0.040877832417193394
211762.29091127275, 1.1320367730005935e-7
217148.45835583753, 4.005296531788812e-8
222618.86663061264, 1.3330881035165023e-8
228191.03585175515, 4.259739652024413e-9
259605.68375738288, 4.353874052923085
322930.1069859091, 2.648403766020589
266555.90503718, 0.000027251605664535323
272000.4926304143, 0.00000954378530366722
294326.312127006, 1.0206338528899823
278962.880585521, 0.0000035171814603259375
286046.996211522, 0.000001231810556218099
293253.09782006365, 4.099851247585409e-7
302223.9844087923, 1.5109941936544525e-7
299941.05061253835, 7.480276561789564e-8
309324.1270837765, 3.278213557493489e-8
315617.3553344235, 1.1249049290138192e-8
357267.91123725096, 0.07324319650873555
323504.50858290086, 3.558074440065635e-9
447872.3603931224, 5.052129053225558
396445.02459499566, 0.002893556850261198
407155.203934703, 0.0015232841042446
417981.3662286577, 0.0007205553846380057
426771.6587983259, 0.0002940159134806562
437955.0780741015, 0.0001262466478949604
449325.0744238919, 0.000050993980362190345
460972.04855152615, 0.00002038886149294895
472883.5727163637, 0.000007987613670741966
485160.36722073134, 0.0000032263843948195527
603194.9968273038, 2.5338187517966144
497775.5441840788, 0.0000013165584925887406
510375.9792308136, 4.517928129411614e-7
523254.0449510679, 1.5191074366178524e-7
536329.9571930964, 4.8049370240399975e-8
549710.9217381484, 1.5043951218879464e-8
563292.2407905464, 4.430841058104301e-9
573030.0047225052, 2.4542503830938287e-9
663161.679020591, 0.3927948113742641
701011.8298807798, 0.19162433872619328
740802.8387646533, 0.08660603255464522
782759.7312211898, 0.037963884008728965
1052952.191627483, 0.00007654496906356965
1064994.3973330723, 0.000033522211652943166
1080137.029494873, 0.0000017780186320092178
1071098.3190830576, 2.3263431203867201e-7
1028374.7737723552, 4.025207976669752e-9
1278867.929770817, 1.4862794744739144e-7
1438643.6699074572, 0.0045180216719131255
1379608.564252647, 7.439141563863477e-9
1505308.778992998, 0.0019403481181591762
1974459.3440947386, 0.000004656472486003168
2023267.5490917773, 0.0000015505649877447687
2001097.035032679, 3.459757409290681e-7
2178061.8235896267, 0.58675107215491
2152855.6193874334, 0.19079521301516073
2145725.7319573183, 0.08107146311581175
2136087.209949917, 0.025375741367098987
2128886.742023332, 0.010618955126128855
2118947.2605223097, 0.0031748268363214023
1996692.1705751363, 3.133964094377482e-9
2142931.1695222403, 0.0013492186118912609
794978.6551031009, 2.077670942727623
794978.6551031009, 2.077670942727623
1133257.6102186912, 1.1032048922751363
1935675.4938219385, 1.0682289591553935
1935113.7519300962, 9.911577755346297e-9
1985176.4871236645, 7.211732858110185e-8
1995864.6889070475, 0.000028819629820027782
2036829.9501409594, 0.000054475001015289946
2127466.1224620426, 0.0004115574755385609
2083468.1720100017, 0.0001874470179710374
1050579.5228227298, 0.35853398503346623
1043892.4961145212, 0.06903290008921871
1036495.6613538259, 0.011022447056455277
1085607.5835747374, 0.001696156970388594
1039357.5798829902, 0.0002245085028843135
1023639.9557447328, 4.404039009608882e-8
1420769.3246312602, 2.382031562664783e-9
1313488.7581381523, 3.800728859322632e-8
1217485.00570294, 0.0000011898172476046583
1234565.5189808814, 4.3302692340691676e-7
1120989.8336955379, 0.0000066542309076077615
1104839.1295587735, 0.000015740557783499705
922480.9242156958, 0.000965769965977889
849490.395959375, 0.005607277891534471
794863.2935098999, 0.0200131747944784
555979.4511638702, 1.7824650601057248
1185233.0724091744, 0.11674449856300281
1311393.6341143888, 0.025176672819114926
1547105.7204214183, 0.0008356490033771024
1652471.2725607674, 0.00020156581596078335
1704596.2938403185, 0.00006084477147035259
1727006.2294257893, 0.00001768859093306398
1806213.2395273387, 0.0000018718605158719817
1750726.773691136, 0.000005973189909812053
1855632.2315611742, 1.9805148226221052e-7
438732.56269820384, 0.5169305015485474
438732.56269820384, 0.5169305015485474
392574.19298688386, 0.18099917677587635
325739.15407271276, 0.022198148113081035
302105.98588593246, 0.00807185267036059
284985.5041789324, 0.002344988269924011
226985.22025601912, 0.00007468640701777327
245026.14298071645, 0.00027712219189609307
245026.14298071645, 0.00027712219189609307
218136.52078871423, 0.00002616908478477287
218136.52078871423, 0.00002616908478477287
205476.2158833123, 0.000005228152024515634
183245.71692803496, 7.737394960908087e-7
166242.93808832957, 9.497582377957147e-8
166242.93808832957, 9.497582377957147e-8
156662.64751182488, 2.1230248366239747e-8
142188.31697437295, 2.9157864283114716e-9
256412.76746301653, 0.3406392284490872
233602.12071471426, 0.12384415393046432
197236.89228657144, 0.013577160587680402
186221.4690686487, 0.004937886098650812
186221.4690686487, 0.004937886098650812
175897.80684025981, 0.0020093496405987022
175897.80684025981, 0.0020093496405987022
150927.267867275, 0.0001405837939258425
150927.267867275, 0.0001405837939258425
142270.8803143678, 0.00003386872284475567
133955.36651325313, 0.000006047503953414427
133955.36651325313, 0.000006047503953414427
115055.81860242294, 5.498969986081253e-7
115055.81860242294, 5.498969986081253e-7
112594.62856297496, 2.0769474241811084e-7
110154.10999644836, 7.278604165379997e-8
110154.10999644836, 7.278604165379997e-8
381177.6374048892, 0.00905187959987802
317248.21205453586, 0.24369983843653428
110570.52938566571, 19.26763082342898
141550.0735392512, 9.134222953710783
172210.088220179, 8.491452795887028
106460.75274802434, 0.10984123089475428
91493.47175879718, 0.011601487843793595
91493.47175879718, 0.011601487843793595
81594.7809560445, 0.00171696027890317
74163.6499953391, 0.000342900926294508
230336.74907142363, 0.003277782209925849
230336.74907142363, 0.003277782209925849
75576.10585931019, 4.457278107029805
49427.61401259265, 0.11749916775064725
65300.582816559625, 1.8813378705965598
61680.478412450706, 0.7655635424966192
55811.363668666636, 4.789669548367607
46054.9010315777, 14.159116394337914
207032.69001074406, 3.663604949879722e-7
194254.18893292168, 0.0000026633443321601073
182264.40431232852, 0.00001936181200945874
174094.70377494546, 0.00014077978953564433
152911.47395948513, 0.004087005608664466
129407.62444523761, 0.08156636676585324
77317.82614042677, 15.922519833177855
48680.14781410852, 23.04905657123701
32637.321997173134, 3.6661578771128256
39162.960131676125, 9.721822628268722
39162.960131676125, 9.721822628268722
28056.994275663663, 41.73313560320725
28056.994275663663, 41.73313560320725
84400.98238775824, 0.10556535286453106
101674.0691937235, 0.007693056570863267
112349.79350187245, 0.0011844421134847803
124002.41453399548, 0.00013515824227602508
136982.8388861389, 0.00001930793796182557
136982.8388861389, 0.00001930793796182557
143515.09899931113, 0.000003202178001607605
150555.37460647503, 7.438785606137168e-7
173640.5235287306, 7.17540331223575e-9
185304.8794180053, 1.3825302202936844e-9
11284.6547651261, 36.96932118603367
11102.718657486845, 55.80002547575703
16438.128355365974, 51.9728743119565
21095.72834381536, 46.56431779725008
21095.72834381536, 46.56431779725008
27528.636566443878, 30.92567339667723
33433.11767524531, 18.344261255024893
44265.93906444865, 5.150434832995863
51784.65401942251, 1.9486972193624577
61555.28774643413, 0.4532422204382188
73137.57791653063, 0.0942180299356195
79537.10097712289, 0.023597359527886573
79537.10097712289, 0.023597359527886573
87990.55174264015, 0.004901901090924058
100748.72302827773, 0.0007272269151412302
118719.55522391401, 0.000017889956622890776
133180.0170643899, 0.000001352524252357624
142085.18017457135, 2.4179750915442705e-7
151519.81090121338, 3.8634585012813086e-8
161745.14025632732, 8.022802905779686e-9
166677.76895049255, 1.8634041740709394e-9
833.1545269688725, 0.37416232143887407
833.1545269688725, 0.37416232143887407
1152.8647203213977, 0.9218920687504648
1152.8647203213977, 0.9218920687504648
2787.193661429196, 7.5681470670862385
3785.206243131727, 14.892557775059881
3000.872314107537, 14.3128231882796
3000.872314107537, 14.3128231882796
4377.023147446987, 28.184320132719368
4377.023147446987, 28.184320132719368
5.934997791593458, 3.7014415604371865e-7
4.054866913783753, 7.652969461794975e-8
3.0346816929835647, 2.5766612646569667e-8
2.9346348897146455, 0.000004516663417063038
4.7732934157594125, 0.000014485846584854226
39.32926928794468, 0.0029010979756341868
39.32926928794468, 0.0029010979756341868
75.19538659823237, 0.012111409142793166
138.6870788007335, 0.046897979994905414
229.54255309381287, 0.1344539574251738
373.25119780957107, 0.40010887785239546
373.25119780957107, 0.40010887785239546
823.5376463794904, 1.8715345634561193
823.5376463794904, 1.8715345634561193
1386.7902834110291, 4.620083513835539
2135.260740833706, 10.57309385671979
5830.673884579064, 38.133255864859436
9122.035672379203, 53.64653458021662
13507.588598740329, 51.87340890821956
13507.588598740329, 51.87340890821956
22611.068257509705, 27.587026102012253
30006.981205083157, 14.100061123271596
34522.77378100725, 7.1966776867622295
45682.13388455569, 1.739532760957757
51597.11536859042, 0.7642314889704667
67998.82160075213, 0.06474760640959827
77948.74118343156, 0.012960308461508422
86245.89150841095, 0.002794970639187019
96919.58287201845, 0.00033116341592123635
96919.58287201845, 0.00033116341592123635
109056.58481195796, 0.00005496097832245309
120542.45138618135, 0.000009119917805694508
122251.32287176108, 0.000003445770439358023
134989.66179393098, 4.399439684930873e-7
141755.64487537433, 1.3282486489945315e-7
141447.39969158795, 7.574739826014935e-8
150883.46808303733, 1.3044087531003498e-8
155733.26347170142, 4.573652850589637e-9
163491.50240335698, 1.2812198469068452e-9
1.9198410122005294, 0.000012832295184786702
3.1204281598454715, 0.000034129239196965625
5.164655948849434, 0.00009784667216884103
10.99241529204858, 0.00042451486839137614
16.040338648450113, 0.0009353141293646327
23.821007013473547, 0.001912388665166236
38.02715046305796, 0.004898487654512287
29.566929927218066, 0.0031179837440674313
54.5082146334983, 0.010790733718584028
88.56962957210926, 0.026628805564075955
160.3708002078053, 0.0887549138112354
290.33723587764223, 0.2849524196590433
126.90067254488991, 0.05242739895667835
497.78903785957965, 0.7303999454873872
700.6033229045776, 1.4377776421025477