1.4234000905772541, 0.0005650576768046911
1.8112439594711824, 0.0009993983581580617
2.2628150476624427, 0.001768762031401824
2.8796163749445083, 0.0031978654751378763
3.7326890048215717, 0.005863127489685445
4.839273985123486, 0.011232808308565993
7.983849094726677, 0.038623933169455546
9.974618620912398, 0.06886030089482871
12.692473356405074, 0.12179087990755408
16.152647242264894, 0.22181310189431322
26.157906892150535, 0.7197590230205321
33.291186162635604, 1.3344011084819993
43.74809319947661, 2.384697828233654
55.93888313122657, 4.513898737623222
73.15550368464571, 7.57504370545046
90.58036464501649, 14.298739782184779
115.26773761580259, 25.662969168730797
144.0018280943831, 45.08748738770606
179.89583916526428, 78.86715583186098
224.73190555810498, 137.14848345078352
285.990763167792, 248.21973834047972
375.773282857726, 428.5328290574229
471.82659755684796, 852.6090582073757
600.4377590924238, 1541.4900493257894
788.9824215575344, 2703.3751547892793
1008.8865711122697, 5181.7805968248795
1326.8455852380164, 7616.2861996195115
1681.2777864282211, 13729.800611436942
2151.0234620118367, 22682.78421543228
2884.948959626355, 44711.21897765577
3687.2126377460822, 75054.84545289302
4778.076191637204, 126822.19945713202
6188.100779484398, 183593.12650323458
22472.518864240054, 483819.171072908
29042.480501609578, 396417.86447227723
37503.199845491145, 262142.57241958822
48421.982368907324, 167009.4189700575
62480.6373161675, 89995.56087302575
80616.36946868655, 47750.10235441749
107923.7689790749, 26262.653883966457
139264.47324983706, 14330.883957186876
193385.5904050078, 7558.437726432185
249579.20839560812, 4282.813349944418
322217.70713915396, 2673.1538424325036
415882.1956361027, 1549.3113608338065
536753.6075380674, 888.9760491708993
731821.5564480632, 476.2651873994946
1113137.0766100243, 204.2936138018807
1384580.5133603367, 111.76464200233698
1629658.961633344, 59.12900837625691
1839019.0117400168, 30.303602486339713
2022008.9718752818, 16.578604505154292
2170920.078288037, 8.646349913873985
2246627.5424356433, 4.4659620088843495
2288205.795883363, 0.49606732432672784
2282624.810342426, 2.299806741875196
2319547.56643647, 1.2330102923444664
2303623.965770421, 0.19462224597935326
2298340.4282420157, 0.10518030024103157
2293069.008910516, 0.05684291383610479
2287809.6799819116, 0.030719791120337115
2282562.41372594, 0.016601991396819133
2277327.182475941, 0.008972265379681783
2272103.9586287076, 0.0048489090326152085
2266892.7146443455, 0.0026205108533483043
2261693.4230461237, 0.0014162107571674884
2256506.056420332, 0.0007653671444078276
2251330.5874161343, 0.0004136297247950604
2246166.9887454277, 0.00022353918702168896
2241015.2331826948, 0.00012080797181362142
2235875.2935648635, 0.00006528862455022128
2230747.1427911613, 0.000035284132592143526
2225630.753822974, 0.000019068712526212126
2220526.099683701, 0.000010305363082335856
2215433.1534586176, 0.0000055693591328091
2210351.888294727, 0.0000030098659214997195
2205282.277400624, 0.0000016266311166821851
2200224.29404635, 8.790852678382269e-7
2195177.911563254, 4.750867607318721e-7
2190143.1033438523, 2.5675260237012495e-7
2185119.842841687, 1.3875760023764643e-7
2180108.103571187, 7.498919756207622e-8
2175107.859107526, 4.052664316313547e-8
2170119.083086488, 2.190193867206707e-8
2165141.749204323, 1.1836532220643806e-8
20.180412843790094, 0.42826461421684675
8539.76073432261, 345070.6812794545
13367.472535021721, 491668.3115337797
6.311509561881252, 0.022190608965673733
1.0398930465428236, 0.0002906861793349962
