1.1144783773348608, 23.26333658043106
1.4584410809073247, 43.795135519216
4.105237407452131, 514.4289916921955
5.132819439294938, 902.4179165901048
37.464126042608235, 12539.060926242037
48.36074561941602, 13042.999142030894
62.42669892275018, 13567.190367740242
80.58380176890981, 13505.478179832295
104.02198449683573, 13444.046698101025
134.27727435459184, 13382.894645716706
173.33245943454173, 13238.617036840684
223.7470311937386, 13261.42375068252
288.824921375548, 13201.102383306808
372.8310260141939, 13141.055395773696
481.2707064777711, 13669.187450373562
621.2505847214408, 15133.806824853596
801.944277559221, 18333.595622132838
1035.1935919679565, 23285.961541686873
1336.2845809101527, 30944.153545558962
1724.9493186908137, 43512.13753515411
2226.659047450286, 65150.40142454428
2874.293441476411, 102833.51030200331
4789.452477354284, 232869.16958204962
6182.487552230313, 342165.4951308432
7980.693516474211, 475130.6531544771
10301.916253906085, 600451.0221276918
13298.277685193116, 690605.1737337725
17166.145116492553, 691794.9078677237
22159.00022065169, 592294.539343613
28604.051022910604, 397440.0376798729
36923.67556180341, 253515.0675563163
90235.15405262799, 35642.75790686092
142354.46369995945, 11409.108103545437
237206.10045994387, 3595.8223555561476
295232.12346472114, 2081.834881241269
434121.29057181114, 786.3303518517415
708458.8584697954, 140.2881798444301
819734.3596134529, 66.36745801795092
897991.4553385891, 33.39832794749592
939878.5469310513, 16.88258180890848
997266.2670376727, 0.6962733428484407
1020260.0826724531, 9.555292162249125e-9
990921.3702729522, 7.866390089659997
1001823.1944153046, 3.5025984123664617
1001823.1944153046, 1.89276482805402
1001823.1944153046, 0.29868649680152726
1001823.1944153046, 0.1614068269329907
1001823.1944153046, 0.08722243576309924
1001823.1944153046, 0.04713402428514629
1001823.1944153046, 0.02547069714203795
1001823.1944153046, 0.013764078555581032
1001823.1944153046, 0.007437953402992259
1001823.1944153046, 0.004019386448695601
1001823.1944153046, 0.0021561750032247427
1001823.1944153046, 0.0011737412975899564
1001823.1944153046, 0.0006342766094648485
1001823.1944153046, 0.00034275595324138354
1001823.1944153046, 0.00018522146604386147
1001823.1944153046, 0.00010009159916553514
1001823.1944153046, 0.000054088375594337215
1001823.1944153046, 0.000029228750452829675
1001823.1944153046, 0.00001579488834054091
1020260.0826724531, 0.000008994817023831554
1020260.0826724531, 0.000004860698057013987
1020260.0826724531, 0.0000026266666168819225
1020260.0826724531, 0.0000014194211274419926
1020260.0826724531, 7.670392291429787e-7
1020260.0826724531, 4.1449938124039863e-7
1020260.0826724531, 2.239908084500948e-7
1020260.0826724531, 1.210421162028913e-7
1020260.0826724531, 6.54097996085343e-8
1020260.0826724531, 3.534672078648289e-8
1020260.0826724531, 1.9100970769440614e-8
1.944862438937362, 83.83255420410923
2.7825594022071245, 223.46337269166014
7.232014017781838, 2289.054245738506
9.340505282049078, 4583.987094190143
11.46196978456578, 7480.69242872983
15.058363542798407, 9143.471406700366
23.065504755640536, 12100.525544459368
3655.636146789414, 147407.13947230106
45630.92359903157, 180336.92334674345
55047.89807854979, 109734.68349148791
67550.66513294422, 64063.95650594429
105250.02852777348, 21821.71547566471
523020.2675339305, 426.6055046629206
353303.66949927364, 1358.5285917711335
609796.8620267377, 259.74683508474226
