1.6080912158121785, 8745.337405434522
4.366954802646491, 2282.626621545485
5.809529853457751, 1429.5827916340006
7.728643561358379, 961.8954604332257
10.281715182679488, 614.1157276828313
13.678165677906067, 379.24883660276697
18.196595897484293, 232.9111304235265
24.207639390651934, 145.43883363079652
32.204364386025624, 94.20276735473428
42.84271872904766, 60.94882378974663
56.99533535562545, 38.058833113860906
75.82311180680801, 23.897565448985873
100.87043524168455, 14.676403579646221
134.19186397640425, 9.26671674124476
178.52065686359037, 5.9097161608932325
237.49297448175847, 3.6282316347216117
315.94614269928024, 2.3274555438120457
420.3154442963161, 1.4942105223873205
559.1619862951158, 0.977528798411532
743.8749424041554, 0.6138012263387106
989.6057734596023, 0.3940561844405324
1316.511057220829, 0.2460641178711316
1751.405873194875, 0.15450640180901215
2329.963364786977, 0.09974357405217228
3099.6409023948777, 0.06263010171374504
4123.572872004254, 0.0404615613784363
5485.74940329111, 0.029033179270439774
7297.9058330747785, 0.020010044195927335
9708.688026557415, 0.012989563173842308
12915.845360710271, 0.007802402087831475
16878.64131522239, 0.004202702952707967
19467.87860730426, 0.0029026356186927196
26365.047820722193, 0.0008910713948923042
28824.831632277917, 0.0005837173752389096
1.2216773489967916, 7782.309522185802
2.190683867956276, 8027.064092625225
2.90916340562388, 4854.236187379401
23031.320587070008, 0.0015902387500536692
32154.841769777093, 0.00031343560011212724
39282.841850712626, 0.00008995824983586457
46415.88833612782, 0.000029258284432025262
54844.165761210264, 0.000004899688035957524
65893.19708984731, 4.5888639654391236e-7
79168.19159263033, 4.4798137210804804e-8
83231.90888192714, 9.250891234998963e-9
93543.68899026181, 1.369117711179615e-9
105133.01770262397, 1.5155556090976724e-10