10817889646.97173, 1.1377199085583794e-16
16031322130.108828, 2.0076386304804292e-16
23647563904.544464, 3.0270920301381453e-16
50791765160.803986, 7.019253513090809e-16
75899271698.3657, 1.2343445257723448e-15
111957882402.26085, 1.8847746145382474e-15
165147400647.17075, 2.7189998809999437e-15
243606464817.93842, 4.048240655532134e-15
359340258875.03217, 5.6229891366552176e-15
530057450424.722, 7.909537953713448e-15
5460411151423.552, 7.593892424384975e-14
8054570958053.512, 1.0382732825858297e-13
12272345340466.09, 1.4202137258537598e-13
17525747313321.998, 1.8511648775164137e-13
25624586215242.254, 2.571609675416351e-13
38133852254824.555, 3.651715493042988e-13
55167955971161.63, 5.891770394986138e-13
80329807193764.45, 8.718625963529066e-13
116418041392247.52, 1.1863019299224006e-12
169216523960570.44, 1.6871858051466945e-12
5594952090184481, 2.3891069454385446e-11
8214927064623854, 3.0655132023362374e-11
12173921748702598, 3.626280826011735e-11
17957570198198948, 4.6108577474523644e-11
27361048042863816, 5.475385972497776e-11
38502339648788424, 6.120505910237475e-11
57370554392201440, 7.304488529708336e-11
82309080799840400, 9.367428065353207e-11
128345764862340530, 1.1243366475979676e-10
191081245472095940, 1.294126134190461e-10
266635767262015040, 1.5633303740966363e-10
410416641047219100, 1.8415729089126344e-10
593746654070613900, 2.1989954436349788e-10
875826823969441800, 2.575760393914859e-10
1291919070744223500, 2.9604802714212127e-10
1905690531135029800, 3.328309644932957e-10
2769968671236517000, 3.8120522994037e-10
4283064344714805000, 5.012273355131205e-10
6116508405663877000, 5.101596018212237e-10
9022370221353577000, 5.071178288122291e-10
13308763597183746000, 5.902670452564633e-10
19631558464151450000, 6.017515899452864e-10
28958218764435046000, 6.019515464653515e-10
42715836113581380000, 5.945972210822963e-10
63521829938600960000, 5.283362661706201e-10
79046491955452350000, 4.3093097758454214e-10
112883789168469300000, 3.861825486773491e-10
166513191892948980000, 3.097314828461029e-10
245621123091451450000, 2.2597268868133163e-10
362312051212688950000, 1.5091969607423818e-10
517406354039566200000, 9.895275765699726e-11
715340224896466700000, 6.063430409056827e-11
957470599276990700000, 3.696221585221974e-11
1.2011633416910594e+21, 2.3752566860213728e-11
1.4588498765314604e+21, 1.5223299611360898e-11
1.7718181103159455e+21, 9.513518028605182e-12
2.1519276702463828e+21, 5.652514776144744e-12
2.6135824388578534e+21, 3.2747365880639367e-12
3.073099683801065e+21, 1.946674612339148e-12
3.4982351850201227e+21, 1.2808266929380245e-12
3.9821843314162307e+21, 8.114065931738463e-13
4.5330834579909997e+21, 5.140279032878063e-13
4.995718763965858e+21, 3.136912803639106e-13
5.810975751604751e+21, 1.7732084569195253e-13
6.473552775034079e+21, 1.0819405599340779e-13
8.009218361248312e+21, 6.484801372401719e-14
8.121183344684482e+21, 3.951791774309047e-14
9.652706979317597e+21, 2.247235493466917e-14
1.0971135261869674e+22, 1.342369835915257e-14
1.1597604470499284e+22, 7.858460898126446e-15
3067906398943855, 1.556342808183125e-11
1623776739188717.5, 9.571316112048631e-12
808899816399589, 5.686673573555028e-12
367950564617386.25, 3.0422743831753497e-12
3792690190732.2383, 5.553086173415682e-14
1832980710832.4226, 2.6687985283381642e-14
1236247035449.939, 1.8185137920177472e-14
833782223471.7849, 1.2838137544472262e-14
2557965818714.724, 3.6521668259362687e-14
