1103024577385178500, 1.4443943402599373e-16
1686825841351218400, 2.153106283536936e-16
2319711832105075000, 3.002953060110075e-16
3190052495103955500, 4.2349444838225587e-16
4515856661736501000, 5.723809525184362e-16
6526301434990526000, 7.705124387498586e-16
8864211790660997000, 1.1255188089708075e-15
12810530196767873000, 1.6844281241738561e-15
18134660234663358000, 2.401971025920389e-15
25671529341514230000, 3.3131014699132248e-15
36340764602390130000, 4.724436514956026e-15
51444195408750560000, 6.516538872992764e-15
72824698935466290000, 8.840153564665548e-15
103091062711794320000, 1.2126032583124269e-14
145936301370293620000, 1.7275581284263705e-14
200690644359081000000, 2.383482775749427e-14
275988457670076400000, 3.439001512536872e-14
390690848205359150000, 4.691192314416037e-14
553064212032707200000, 6.45276998113121e-14
782920879862994300000, 8.381580782807203e-14
1.1083073010140738e+21, 1.2040705950483172e-13
1.5689261904677424e+21, 1.66080606938433e-13
2.2209809399283072e+21, 2.3163383556311483e-13
3.144033393982791e+21, 3.2485767007572567e-13
4.4507117574804723e+21, 4.637565064252696e-13
6.300453165060542e+21, 6.425152344777789e-13
8.918957741624896e+21, 8.384359467403675e-13
1.2809898487560765e+22, 1.0895578940734707e-12
1.6745459099942116e+22, 1.4637908932497285e-12
3.0103169335394726e+22, 2.0815665275333485e-12
4.2614219669194855e+22, 2.7618552268876784e-12
6.032493448718735e+22, 3.644210645082778e-12
8.539632425826376e+22, 4.835196033791114e-12
1.2088752783264898e+23, 6.34466356460064e-12
1.7112907976335052e+23, 8.27932742615616e-12
2.4225130967350235e+23, 1.0803923948300993e-11
3.429323474402007e+23, 1.4098339958377989e-11
4.854570036353862e+23, 1.799377285656075e-11
6.872157267687978e+23, 2.322162415246626e-11
9.728265357833275e+23, 2.980265107024068e-11
1.3771388399011236e+24, 3.782693054906898e-11
1.9494856632761633e+24, 4.774624858230772e-11
2.759703118671878e+24, 6.026669942797225e-11
3.906651609024126e+24, 7.440178503662363e-11
5.530278489388988e+24, 9.185214503495176e-11
7.828694040582331e+24, 1.133953512455227e-10
1.108234431568757e+25, 1.339173319520878e-10
1.568823036061796e+25, 1.599169243194048e-10
2.22083491395789e+25, 1.8677548101651735e-10
3.1438266787791043e+25, 2.1573926568599097e-10
4.450419130249076e+25, 2.383823620729845e-10
6.300038920268542e+25, 2.370642508288675e-10
8.918371334314541e+25, 2.3575342794802015e-10
1.2624897760684574e+26, 2.3444985313017335e-10
1.7871877890357826e+26, 2.3186428759534726e-10
2.6043001364490053e+26, 2.107147699573718e-10
3.547006494262916e+26, 2.0334959703688928e-10
4.953752713609066e+26, 1.8492063295565846e-10
7.345177317439338e+26, 1.509561097996182e-10
9.180301380182425e+26, 1.242590692642562e-10
1.095433330278786e+27, 9.795411776561107e-11
1.67614118741743e+27, 5.083755259303216e-11
2.49353865508418e+27, 2.400716620459558e-11
2.882097958964553e+27, 1.592740803977931e-11
3.053977203834997e+27, 9.996979483959873e-12
3.236106785521837e+27, 6.70639470830314e-12
3.429098001828504e+27, 4.3517216885875144e-12
3.7711220494242113e+27, 1.863246311931552e-12
4.436687330978625e+27, 2.4654255471007863e-13
4.812302743997391e+27, 3.1622776601683796e-14
5.363048996942877e+27, 3.0653952950565362e-15
5.51031556282158e+27, 6.078323128297261e-16
5.81709132937437e+27, 1.2826498305280678e-16
