1.1379094831409513, 4.2194141162234796e-11
1.5074165590886761, 6.661049482538792e-11
2.061504951779635, 1.1236091477651102e-10
2.7747426846942664, 1.7763488592759456e-10
3.7347458028746723, 2.680694758544029e-10
5.026889984801192, 3.910929637222994e-10
6.7660891137073484, 5.478843308542992e-10
9.107014880581206, 7.222077059492446e-10
12.257852156736279, 8.957766062636243e-10
16.586584581504653, 9.225843045879924e-10
22.207058903791914, 1.1024127681313912e-9
29.89023828862386, 1.2024672598299985e-9
40.23163755368613, 1.185066951673511e-9
54.15094535620342, 1.1139134823405366e-9
72.8860434541735, 1.0399746199992466e-9
98.10309488521419, 9.514416106312212e-10
132.04472036005737, 8.763525096397943e-10
177.72944059885742, 7.90976623343322e-10
239.22012155768024, 7.285516433041544e-10
321.9852961065312, 6.756072930404991e-10
433.38549547477305, 6.568850365283503e-10
583.3278412371095, 6.606491421490714e-10
785.1471124791108, 6.577281686367885e-10
1056.7916438325965, 6.865672153540482e-10
1422.4195195064347, 7.642297977872244e-10
1914.5470171728787, 8.564503005703168e-10
2604.4311486903953, 1.1079059428235284e-9
3468.5080094617024, 1.365359786299947e-9
4668.539465669985, 1.6342367075464933e-9
6283.756786221382, 2.0269944500153504e-9
8457.805623951546, 2.618266913548802e-9
11566.682128997416, 3.6618371179199086e-9
15107.398429571473, 5.238699619344118e-9
20623.990423954085, 7.849426089846e-9
27759.4611202217, 1.0717292099872809e-8
36492.88734118917, 1.552327912531067e-8
50290.701858034074, 2.2811316076207796e-8
67690.23618801241, 3.465825870999289e-8
91109.64663255982, 5.337497969918661e-8
122631.68481867321, 8.33188549958424e-8
167411.66291232995, 1.339829992765276e-7
212934.14736358446, 2.1181155798723334e-7
286604.9228786308, 3.197248992658639e-7
383722.9040859673, 4.4133370663119274e-7
519230.63870409015, 6.631645055029378e-7
698873.6142348667, 9.190316790055208e-7
940669.3139155383, 0.000001357219988154422
1266121.2844772867, 0.0000016077342027592651
1704172.8514919449, 0.0000019356541316188047
2293781.127738615, 0.000001992030861644885
3087381.574799558, 0.0000017264623684383935
4155551.2307353676, 0.0000011571802840223197
5360840.994625889, 6.360942498039135e-7
6489124.998308576, 3.3061159949612265e-7
7464805.507136557, 1.6844762088007742e-7
8499121.026409306, 8.278619626137323e-8
9548518.03124823, 3.86381329401127e-8
10753536.304817284, 1.9036755830973515e-8
11756087.38210432, 8.940473970881282e-9
12797669.802118428, 4.299057195250492e-9
13495017.746046225, 2.017620587917232e-9
14535602.674809424, 9.324581403279338e-10
15823448.51316534, 3.483237402899806e-10
17488510.48578838, 7.057296605562726e-11
16863674.447402406, 1.6875060822390153e-10
19647838.546402503, 2.3614662568245757e-11
20154647.611004353, 9.98121199377444e-12
21298031.794994835, 4.373747987896777e-12
23114837.701954503, 1.886251712536631e-12