1143010862403828500, 6.113029231111613e-15
1656628591060896300, 8.57058778738705e-15
2511747784197401000, 1.1878873587843038e-14
3718514671972519000, 1.6191617608520188e-14
5535336046080931000, 2.1662203869102742e-14
18318838771346061000, 5.1809351860879733e-14
72369427871515690000, 1.3740741144470233e-13
108761387100399340000, 1.7587758126609596e-13
159842704055323230000, 2.319836024662195e-13
247138498297110200000, 3.2083479608447706e-13
439051566958908870000, 4.551684624075896e-13
724775457417909800000, 6.541075462259487e-13
1.1132197165361479e+21, 8.516758063551564e-13
1.6722523671131573e+21, 1.132824971874049e-12
2.512368617665687e+21, 1.4892239405098112e-12
3.774547547466098e+21, 1.95774987314999e-12
5.670827556077268e+21, 2.573679123441118e-12
8.520961291343851e+21, 3.3439539388611406e-12
1.1733259602291516e+22, 4.121499826223557e-12
1.9237679785456884e+22, 5.667208138658368e-12
2.8903766207126074e+22, 7.421116607179955e-12
4.3430675785764615e+22, 9.642177955792472e-12
6.526785638803371e+22, 1.2381969248197298e-11
9.8080327616233e+22, 1.5962518087218123e-11
1.4738879438778953e+23, 2.0578470078324695e-11
2.2151729312220655e+23, 2.6220046443467396e-11
3.3292837054548016e+23, 3.340825789676749e-11
5.0039640186303875e+23, 4.2401097675065345e-11
7.521383877138399e+23, 5.360474903257313e-11
1.1306858109783631e+24, 6.697891777456992e-11
1.6998333014132836e+24, 8.336348889683962e-11
2.5554696313854246e+24, 1.0375609985881342e-10
3.8428756975663134e+24, 1.2614463310221817e-10
5.778319377373293e+24, 1.5456747876847105e-10
8.690560070301253e+24, 1.8572995524272242e-10
1.3071161870006429e+25, 2.223047192818877e-10
1.966444248143615e+25, 2.60933534297312e-10
2.958897340424649e+25, 3.0152456525131166e-10
4.454514701913488e+25, 3.337700566763934e-10
6.7142296186902605e+25, 3.337700566763934e-10
1.0124034378580817e+26, 3.2349721797872957e-10
1.5266920362375338e+26, 3.110996498271957e-10
2.3022329699337077e+26, 2.9917720074169856e-10
3.362260078828649e+26, 2.7536719572480064e-10
5.165755718858327e+26, 2.4861552769250555e-10
8.183657054280932e+26, 2.00537433860868e-10
1.1828708642688111e+27, 1.2850795607852329e-10
1.6139234593415275e+27, 9.996192062338449e-11
2.557251004684434e+27, 4.009146808688787e-11
3.589670967424812e+27, 1.2916462084844531e-11
3.8309425766683255e+27, 8.625965424979883e-12
4.558797350928408e+27, 9.893043468310445e-13
5.027732238658727e+27, 2.4741391872293977e-13
5.372686006725348e+27, 1.6972584999888242e-13
5.382414698672535e+27, 1.1090531387491947e-13
5.517285699567851e+27, 7.159403552079528e-14
5.425234353390165e+27, 4.6428139824995264e-14
6.060030320362012e+27, 2.6645444978375283e-14
5.956401631973901e+27, 1.5831144599964125e-14
6.223309236414174e+27, 1.0615401228346834e-14
6.383522694537901e+27, 6.4780079683817056e-15
6.782909287101111e+27, 3.829844603107049e-15
6.65327621385515e+27, 2.3480313086404915e-15
6.879622992765221e+27, 1.6574309900742194e-15
6.911058872429162e+27, 1.1301065225572715e-15
7.484708963006273e+27, 1.916556271457868e-16
7.259384547420279e+27, 6.36275603406051e-16
7.273131100074175e+27, 3.672142104016132e-16
7.648684850770089e+27, 1.0629519162564059e-16
4.952691419522897e+27, 4.0842386526745174e-13
4.484557292503716e+27, 1.7113283041617706e-12
4.2003010924590166e+27, 4.190079105786648e-12
3.1277936617012527e+27, 2.3865897868585736e-11
1.9359973651377994e+27, 7.54705956696885e-11
43966479610968590000, 9.027251779484578e-14
11616608819863626000, 3.244226079171643e-14