0.963051449157939, 276.28943182124175
1.309632990572636, 298.81675304027385
1.7647553861470326, 229.19185479465082
2.3800541574253824, 144.4619147225713
3.2092126997510926, 95.57423119760873
4.328468155634872, 59.176040829239405
5.836501074060244, 39.01068108627536
7.545897711972928, 23.433754924992968
10.173269409069064, 16.02582910699331
13.72314112743924, 9.623685809157063
18.511708953242763, 5.779128676278952
24.96462109417171, 3.6893649717961714
33.67236239516137, 2.2686514412966803
45.405717115115515, 1.4807715087112734
61.23954409528719, 0.9238770578422876
82.60853737447306, 0.5547982866660381
111.41568702385118, 0.3461475357714385
150.28031890725265, 0.2120395525444438
202.7464719168677, 0.12343327196219675
273.4876381308083, 0.07446390276500696
430.527047969494, 0.03920280519707271
589.8770199558512, 0.025433848420034467
795.6044474140735, 0.015747701380268136
1073.046671992792, 0.009825243079969265
1447.429037875157, 0.005945457421342021
1952.1747485020246, 0.0037094660976672543
2633.368733480539, 0.0022275749981691385
3552.259290206523, 0.0013376831710603103
4790.683048168401, 0.0008474644284898658
6461.582436728335, 0.0005231161811391177
8713.99596920631, 0.00033395458432967424
11752.962579552228, 0.0002074058100266141
15850.919060970402, 0.00013039714774977593
21378.432463122143, 0.0000813568687034881
28840.14713758692, 0.00004811417813171596
38890.838553139176, 0.000031189212486973365
52458.68352829803, 0.000018960029256889634
70748.28125438491, 0.000011975090427055288
123309.13177336506, 0.000004995257239789785
166309.34367673952, 0.0000031166209875815524
224311.93113037836, 0.0000019296968283120853
302523.7458803399, 0.000001213210769753251
408032.91114608565, 7.511753863544284e-7
550249.1043521138, 4.832275044343492e-7
742155.7711146607, 2.991966576544528e-7
1000926.445476588, 1.881065471087841e-7
1350190.810558539, 1.1296004069021185e-7
1821948.3106271168, 6.267990740784516e-8
2458905.562919535, 3.359514090896559e-8
3184692.2315873983, 1.3394516036507596e-8
4036171.7097956846, 5.9630614661037275e-9
4701075.234000874, 2.3939784362630566e-9
5396467.209776425, 1.0527793950611589e-9
6333326.9283907125, 4.744656247918839e-10
7143053.527830456, 1.9236045476206486e-10
8073317.853921316, 8.391952599880738e-11
8857556.804394348, 3.665822146516023e-11
9674798.02463941, 1.680670122724717e-11
10420714.963476712, 7.413320375252888e-12
11211976.23350643, 3.028647080902915e-12
12435853.3573142, 1.154700173224817e-12
13111743.353300624, 6.62663349780213e-13
