21637171088.84393, 1.6069011311796773e-16
24746803066.94491, 2.7075800579324835e-16
28122935324.228867, 4.172354095157741e-16
34070065369.40969, 6.949280730609475e-16
38718142391.32949, 1.0930738326541004e-15
44607402860.693886, 1.7020747552738118e-15
62545390669.613304, 4.620190171091084e-15
321974417025.2709, 3.2087957839710495e-14
515977561579.7419, 5.157924484820821e-14
807283779077.7212, 7.055889434514891e-14
1263053180000.132, 9.65224982618728e-14
1976136987827.2485, 1.3473730249360732e-13
3091807579043.1426, 1.8957618340311832e-13
4837353971264.404, 2.600196128749127e-13
7690347624049.908, 3.4883963745751793e-13
11560713774245.09, 4.751328621235722e-13
18526530643234.723, 7.201316134258822e-13
28986081536335.035, 9.790744719082072e-13
45350796596008.85, 1.3763529127777584e-12
70954563117282.05, 1.9153697847509695e-12
111013486091828.28, 2.676047232039011e-12
173688534645615.44, 3.644696091745426e-12
271748128352504.75, 5.0078043031323656e-12
425169372369701.1, 6.917106552730557e-12
665207875753082, 9.479052950133057e-12
1040765273137209.2, 1.293290811868998e-11
1628351667577728.8, 1.7567833001824062e-11
2547672584530600.5, 2.2690683113304995e-11
3986015875565774.5, 2.987103860318078e-11
6236406772493395, 3.751666286924401e-11
9967512046614950, 5.0207017973589866e-11
15661507561313066, 6.543014079514051e-11
26365689484621388, 8.17947072393772e-11
38893122297015230, 9.875705165997259e-11
64765649208833430, 1.249019724800759e-10
95205848965560540, 1.5130428979873087e-10
152571382072022560, 1.7710565582362725e-10
241068750758976480, 2.127759472264029e-10
373477033987846140, 2.6184887170011896e-10
584331517194960900, 3.383041815748051e-10
914228428831520300, 4.155351414013685e-10
1430375729339416800, 5.037098311520448e-10
2190728804268846300, 6.450731452763839e-10
3501393758298054700, 8.538391960603903e-10
5478180827445068000, 9.211998961717502e-10
8671235983334339000, 9.324466986416725e-10
13127144327611922000, 1.0719974553809627e-9
20980826619622740000, 1.2141963021108519e-9
33060060708166173000, 1.2778687183906462e-9
49598177830147600000, 1.2327320448176878e-9
80354245233626170000, 1.3247275977749866e-9
125719960686923320000, 1.193508484380222e-9
196697865422888000000, 9.891197308622436e-10
541381675040122700000, 4.5966171158778493e-10
711706195961836300000, 3.2238380532054306e-10
1.2169330193141795e+21, 1.5114564112890444e-10
1.5221742829279185e+21, 1.0004315011566816e-10
1.8440670123900134e+21, 6.5853380591839e-11
2.23403008730641e+21, 4.424646512200779e-11
2.706458278065402e+21, 2.7386714077853556e-11
3.278790403284343e+21, 1.660701146218115e-11
3.84716300264793e+21, 1.0705300060880401e-11
4.3720199337486246e+21, 7.077336966631962e-12
5.646316584823428e+21, 3.04599782986585e-12
6.840337714519504e+21, 1.6061392871655485e-12
8.556088125089632e+21, 6.180482380326171e-13
161358633681.07602, 2.1261671437705422e-14
94194593017.99857, 1.2579846002350448e-14